RULES

9<4>0 -> 4 6 3 1 1 9 5 5 2 6 4 8 3 8 6 6 6 1 6 3 4 8 6 6 5 2 5 4 8 9 7 3 5 6 0 2 4 8 4 6 0 5 1 5 1 3 6 

DATA

9 4 0 4 6 3 1 1 9 5 5 2 6 4 8 3 8 6 6 6 1 6 3 4 8 6 6 5 2 5 4 8 9 7 3 5 6 0 2 4 8 4 6 0 5 1 5 1 3 6 1 1 5 6 7 7 4 7 7 7 1 7 2 5 7 7 7 7 4 0 7 5 5 9 3 7 6 7 7 7 4 5 7 3 9 7 1 7 7 9 0 

STEP 1

9 4 6 3 1 1 9 5 5 2 6 4 8 3 8 6 6 6 1 6 3 4 8 6 6 5 2 5 4 8 9 7 3 5 6 0 2 4 8 4 6 0 5 1 5 1 3 6 0 4 6 3 1 1 9 5 5 2 6 4 8 3 8 6 6 6 1 6 3 4 8 6 6 5 2 5 4 8 9 7 3 5 6 0 2 4 8 4 6 0 5 1 5 1 3 6 1 1 5 6 7 7 4 7 7 7 1 7 2 5 7 7 7 7 4 0 7 5 5 9 3 7 6 7 7 7 4 5 7 3 9 7 1 7 7 9 0 

RULE SPEC.

9 4 6 3 1 1 9 5 5 2 6 4 8 3 8 6 6 6 1 6 3 4 8 6 6 5 2 5 4 8 9 7 3 5 6 0 2 4 8 4 6 0 5 1 5 1 3 6 0 4 6 3 1 1 9 5 5 2 6 4 8 3 8 6 6 6 1 6 3 4 8 6 6 5 2 5 4 8 9 7 3 5 6 0 2 4 8 4 6 0 5 1 5 1 3 6

BODY SPEC.

5 6 7 7 4 7 7 7 1 7 2 5 7 7 7 7 4 0 7 5 5 9 3 7 6 7 7 7 4 5 7 3 9 7 1 7 7 9 0

------------------------------

RULES

9<4>6 -> 3 1 1 9 5 5 2 6 4 8 3 8 6 6 6 1 6 3 4 8 6 6 5 2 5 4 8 9 7 3 5 6 0 2 4 8 4 6 0 5 1 5 1 3 6 0 4 6 3 1 1 9 5 5 2 6 4 8 3 8 6 6 6 1 6 3 4 8 6 6 5 2 5 4 8 9 7 3 5 6 0 2 4 8 4 6 0 5 1 5 1 3 6

DATA

9 4 0 4 6 3 1 1 9 5 5 2 6 4 8 3 8 6 6 6 1 6 3 4 8 6 6 5 2 5 4 8 9 7 3 5 6 0 2 4 8 4 6 0 5 1 5 1 3 6 1 1 5 6 7 7 4 7 7 7 1 7 2 5 7 7 7 7 4 0 7 5 5 9 3 7 6 7 7 7 4 5 7 3 9 7 1 7 7 9 0 

(NO RULES APPLIED)

RULE SPEC.

9 4 0 4 6 3 1 1 9 5 5 2 6 4 8 3 8 6 6 6 1 6 3 4 8 6 6 5 2 5 4 8 9 7 3 5 6 0 2 4 8 4 6 0 5 1 5 1 3 6

BODY SPEC.

5 6 7 7 4 7 7 7 1 7 2 5 7 7 7 7 4 0 7 5 5 9 3 7 6 7 7 7 4 5 7 3 9 7 1 7 7 9 0 

------------------------------

RULES

9<4>0 -> 4 6 3 1 1 9 5 5 2 6 4 8 3 8 6 6 6 1 6 3 4 8 6 6 5 2 5 4 8 9 7 3 5 6 0 2 4 8 4 6 0 5 1 5 1 3 6

(Two stage reproduction, ultimately the body spec is hard-coded in the data)





EXAMPLE 2



RULES

9<8>3 -> 0 7 8 1 1 3 6 4 7 0 7 8 4 4 5 8 8 6 8 0 7 3 7 4 9 9 7 5 0 3 5 5 9 0 7 8 1 1 3 6 4 7 0 7 8 4 4 5 8 8 6 8 0 7 3 7 4 9 7 5 0 3 5 5 9 0 7 8 1 1 3 6 4 7 0 7 8 4 4 5 8 8 6 8 0 7 3 7 4 9 7 5 0 3 5 5 9 0 7 8 1 1 3 6 4 7 0 7 8 4 4 5 8 8 6 8 0 7 3 7 4 9 7 5 0 3 5 5 9 0 7 8 4 8 3 0 7 8

DATA

9 7 4 8 3 0 7 8 1 1 3 6 4 7 0 7 8 4 4 5 8 8 6 8 0 7 3 7 4 9 9 7 5 0 3 5 5 9 8 3 7 2 8 7 2 0 4 1 0 7 7 4 3 7 7 7 7 7 7 1 5 7 5 7 7 7 4 7 9 1 0 0 7 9 2 8 4 7 7 2 7 7 8 3 1 7 9 0 4 4 1 2 0 5 0 3 7 2 7 9 

9 7 4 8 3 0 7 8 1 1 3 6 4 7 0 7 8 4 4 5 8 8 6 8 0 7 3 7 4 9 9 7 5 0 3 5 5 9 0 7 8 1 1 3 6 4 7 0 7 8 4 4 5 8 8 6 8 0 7 3 7 4 9 9 7 5 0 3 5 5 9 0 7 8 1 1 3 6 4 7 0 7 8 4 4 5 8 8 6 8 0 7 3 7 4 9 7 5 0 3 5 5 9 0 7 8 1 1 3 6 4 7 0 7 8 4 4 5 8 8 6 8 0 7 3 7 4 9 7 5 0 3 5 5 9 0 7 8 1 1 3 6 4 7 0 7 8 4 4 5 8 8 6 8 0 7 3 7 4 9 7 5 0 3 5 5 9 0 7 8 4 8 3 0 7 8 3 7 2 8 7 2 0 4 1 0 7 7 4 3 7 7 7 7 7 7 1 5 7 5 7 7 7 4 7 9 1 0 0 7 9 2 8 4 7 7 2 7 7 8 3 1 7 9 0 4 4 1 2 0 5 0 3 7 2 7 9 

RULE SPEC.

9 7 4 8 3 0 7 8 1 1 3 6 4 7 0 7 8 4 4 5 8 8 6 8 0 7 3 7 4 9 9 7 5 0 3 5 5 9 0 7 8 1 1 3 6 4 7 0 7 8 4 4 5 8 8 6 8 0 7 3 7 4 9 9 7 5 0 3 5 5 9 0 7 8 1 1 3 6 4 7 0 7 8 4 4 5 8 8 6 8 0 7 3 7 4 9 7 5 0 3 5 5 9 0 7 8 1 1 3 6 4 7 0 7 8 4 4 5 8 8 6 8 0 7 3 7 4 9 7 5 0 3 5 5 9 0 7 8

BODY SPEC.

3 6 4 7 0 7 8 4 4 5 8 8 6 8 0 7 3 7 4 9 7 5 0 3 5 5 9 0 7 8 4 8 3 0 7 8 3 7 2 8 7 2 0 4 1 0 7 7 4 3 7 7 7 7 7 7 1 5 7 5 7 7 7 4 7 9 1 0 0 7 9 2 8 4 7 7 2 7 7 8 3 1 7 9 0 4 4 1 2 0 5 0 3 7 2 7 9 

------------------------------

RULES

9<7>4 -> 8 3 0 7 8 1 1 3 6 4 7 0 7 8 4 4 5 8 8 6 8 0 7 3 7 4 9 9 7 5 0 3 5 5 9 0 7 8 1 1 3 6 4 7 0 7 8 4 4 5 8 8 6 8 0 7 3 7 4 9 9 7 5 0 3 5 5 9 0 7 8 1 1 3 6 4 7 0 7 8 4 4 5 8 8 6 8 0 7 3 7 4 9 7 5 0 3 5 5 9 0 7 8 1 1 3 6 4 7 0 7 8 4 4 5 8 8 6 8 0 7 3 7 4 9 7 5 0 3 5 5 9 0 7 8

DATA

9 7 4 8 3 0 7 8 1 1 3 6 4 7 0 7 8 4 4 5 8 8 6 8 0 7 3 7 4 9 9 7 5 0 3 5 5 9 8 3 7 2 8 7 2 0 4 1 0 7 7 4 3 7 7 7 7 7 7 1 5 7 5 7 7 7 4 7 9 1 0 0 7 9 2 8 4 7 7 2 7 7 8 3 1 7 9 0 4 4 1 2 0 5 0 3 7 2 7 9 

9 8 3 0 7 8 1 1 3 6 4 7 0 7 8 4 4 5 8 8 6 8 0 7 3 7 4 9 9 7 5 0 3 5 5 9 0 7 8 1 1 3 6 4 7 0 7 8 4 4 5 8 8 6 8 0 7 3 7 4 9 9 7 5 0 3 5 5 9 0 7 8 1 1 3 6 4 7 0 7 8 4 4 5 8 8 6 8 0 7 3 7 4 9 7 5 0 3 5 5 9 0 7 8 1 1 3 6 4 7 0 7 8 4 4 5 8 8 6 8 0 7 3 7 4 9 7 5 0 3 5 5 9 0 7 8 4 8 3 0 7 8 1 1 3 6 4 7 0 7 8 4 4 5 8 8 6 8 0 7 3 7 4 9 9 7 5 0 3 5 5 9 8 3 7 2 8 7 2 0 4 1 0 7 7 4 3 7 7 7 7 7 7 1 5 7 5 7 7 7 4 7 9 1 0 0 7 9 2 8 4 7 7 2 7 7 8 3 1 7 9 0 4 4 1 2 0 5 0 3 7 2 7 9 

RULE SPEC.

9 8 3 0 7 8 1 1 3 6 4 7 0 7 8 4 4 5 8 8 6 8 0 7 3 7 4 9 9 7 5 0 3 5 5 9 0 7 8 1 1 3 6 4 7 0 7 8 4 4 5 8 8 6 8 0 7 3 7 4 9 9 7 5 0 3 5 5 9 0 7 8 1 1 3 6 4 7 0 7 8 4 4 5 8 8 6 8 0 7 3 7 4 9 7 5 0 3 5 5 9 0 7 8 1 1 3 6 4 7 0 7 8 4 4 5 8 8 6 8 0 7 3 7 4 9 7 5 0 3 5 5 9 0 7 8 4 8 3 0 7 8

BODY SPEC.

3 6 4 7 0 7 8 4 4 5 8 8 6 8 0 7 3 7 4 9 9 7 5 0 3 5 5 9 8 3 7 2 8 7 2 0 4 1 0 7 7 4 3 7 7 7 7 7 7 1 5 7 5 7 7 7 4 7 9 1 0 0 7 9 2 8 4 7 7 2 7 7 8 3 1 7 9 0 4 4 1 2 0 5 0 3 7 2 7 9 

------------------------------

RULES

9<8>3 -> 0 7 8 1 1 3 6 4 7 0 7 8 4 4 5 8 8 6 8 0 7 3 7 4 9 9 7 5 0 3 5 5 9 0 7 8 1 1 3 6 4 7 0 7 8 4 4 5 8 8 6 8 0 7 3 7 4 9 9 7 5 0 3 5 5 9 0 7 8 1 1 3 6 4 7 0 7 8 4 4 5 8 8 6 8 0 7 3 7 4 9 7 5 0 3 5 5 9 0 7 8 1 1 3 6 4 7 0 7 8 4 4 5 8 8 6 8 0 7 3 7 4 9 7 5 0 3 5 5 9 0 7 8 4 8 3 0 7 8

(Two-stage reproduction with one rule application in each. In one of the steps, the body spec isn't being taken verbatim from the data)

